{
    "balanced_accuracy_score": 0.71666118395288,
    "precision_score": 0.7924167691438294,
    "recall_score": 0.8009950248756219,
    "f1_score": 0.794984508698429
}